diamond 4 10年11月26日08时500百帕高度场
10 11 26 08   0   500
  2.000 -2.000  32.0 160.0  80.0  12.0
  65  35  4  400  612  1  0
   523.1   523.0   522.9   522.7   522.6   522.9   523.6   524.7   526.2   528.1
   530.3   533.4   536.3   538.3   538.4   538.1   537.3   535.6   531.9   526.7
   521.3   517.4   515.4   514.9   514.9   514.9   514.9   515.2   516.7   519.8
   523.7   527.1   529.5   531.3   532.8   534.2   535.0   534.8   533.5   530.9
   527.0   522.4   518.5   516.5   516.3   517.0   517.8   518.4   519.0   519.8
   521.0   522.2   523.0   523.1   522.4   520.9   518.5   515.9   513.9   512.7
   512.2   512.0   512.0   512.1   512.1
   523.3   523.1   522.9   522.7   522.5   522.5   523.0   523.8   524.9   526.4
   528.3   531.0   534.1   536.1   536.6   536.2   535.1   532.7   528.7   523.7
   519.1   516.1   515.1   515.2   515.6   515.6   515.2   515.1   516.0   518.5
   522.0   525.3   527.8   529.7   531.3   532.2   532.6   532.3   531.1   528.5
   524.1   518.9   515.1   513.8   514.7   516.4   517.8   518.8   519.5   520.3
   521.2   522.1   522.6   522.5   521.7   520.3   518.0   515.6   513.7   512.7
   512.2   512.1   512.1   512.2   512.3
   524.2   524.0   523.6   523.0   522.5   522.3   522.4   522.8   523.4   524.2
   525.1   526.6   528.9   531.3   532.5   531.8   529.1   525.1   520.9   517.6
   515.5   514.7   514.8   515.7   516.6   516.6   515.8   515.0   514.9   515.8
   517.8   520.3   522.9   525.4   527.3   528.2   528.2   527.6   525.5   521.5
   515.9   510.7   508.0   508.7   511.7   515.3   518.3   520.4   521.6   522.1
   522.2   521.9   521.5   521.0   520.1   518.7   516.9   515.1   514.0   513.2
   512.6   512.3   512.3   512.5   512.8
   525.4   525.7   525.1   524.0   523.1   522.6   522.5   522.6   522.8   523.1
   523.2   523.2   524.0   525.2   525.6   524.1   520.8   517.2   514.7   513.8
   513.7   513.5   513.4   513.7   514.5   514.8   514.5   513.9   513.3   513.2
   514.1   515.6   517.5   519.5   521.2   522.2   522.5   521.6   518.6   514.1
   509.5   506.1   504.8   506.2   509.7   514.0   518.0   521.1   522.4   522.4
   521.5   520.3   519.7   519.3   518.5   517.0   515.3   514.1   513.6   513.1
   512.6   512.4   512.7   513.2   513.6
   525.5   525.7   525.2   524.4   523.7   523.5   523.4   523.1   522.6   522.3
   522.0   521.5   521.2   520.8   519.8   517.4   514.2   511.7   511.0   511.7
   512.7   513.0   512.3   511.2   510.4   510.2   510.3   510.3   510.1   510.2
   511.0   512.4   513.7   514.5   514.9   515.4   515.5   514.1   511.0   507.6
   505.6   504.7   504.4   505.4   507.9   511.3   515.0   518.1   519.1   518.5
   516.9   515.6   515.5   516.1   516.1   515.1   513.7   513.0   512.7   512.3
   512.1   512.4   513.2   514.2   514.7
   524.1   524.1   523.5   523.0   522.9   522.9   523.0   522.8   522.6   522.3
   521.9   521.0   519.5   517.7   515.9   513.9   512.0   510.6   510.1   510.7
   511.9   513.0   513.4   513.4   512.9   511.7   510.1   508.4   507.3   507.3
   508.2   509.7   510.5   510.1   509.3   509.0   508.7   507.2   504.3   502.1
   502.0   502.7   503.5   504.9   506.9   509.1   511.5   513.5   514.4   513.4
   511.3   509.8   510.0   510.8   511.3   511.4   511.4   511.7   511.7   511.5
   511.7   512.6   514.1   515.5   516.2
   522.1   521.5   521.0   521.5   522.0   522.2   522.0   522.0   522.3   522.7
   522.5   521.0   518.4   516.0   514.5   513.7   512.9   512.0   511.1   510.9
   511.5   512.5   513.1   513.0   512.2   510.8   508.9   507.2   506.5   506.9
   507.7   508.5   508.8   508.4   507.7   506.8   505.6   503.5   500.3   497.9
   498.1   499.9   502.5   504.9   507.0   508.2   508.9   509.7   510.3   509.8
   508.6   508.0   507.9   507.8   507.6   507.9   508.8   510.0   510.9   511.5
   512.1   513.4   515.4   517.2   518.1
   520.1   519.4   519.5   521.1   522.4   522.3   521.5   521.4   522.1   522.7
   522.4   520.9   518.9   517.5   517.0   516.1   514.8   513.6   512.7   512.3
   512.3   512.1   511.4   510.6   509.9   509.2   508.3   507.6   507.8   508.3
   508.5   508.5   508.2   507.8   507.5   507.1   506.2   504.2   501.6   499.9
   499.7   501.2   504.4   507.0   508.0   508.0   507.7   507.8   508.4   508.3
   507.8   507.4   507.3   507.1   506.8   506.8   507.7   509.5   511.6   512.9
   513.9   515.3   517.4   519.4   520.5
   520.1   519.8   520.3   521.7   522.9   523.2   522.8   523.0   523.8   524.2
   523.5   522.0   520.9   521.2   521.7   521.2   519.4   517.4   516.1   515.5
   514.3   512.1   509.8   508.7   508.7   509.4   509.5   509.2   509.2   509.4
   509.2   508.6   507.8   507.3   507.0   507.0   506.7   505.6   504.7   505.4
   506.7   507.3   508.1   508.3   508.6   508.7   508.4   508.1   508.4   508.7
   508.5   508.1   508.2   508.5   508.8   509.4   510.3   512.0   514.1   515.7
   516.8   518.3   520.3   522.1   523.1
   520.6   520.8   521.5   522.5   523.4   524.1   524.8   525.8   526.7   527.2
   527.0   526.1   525.9   527.0   528.3   528.3   527.3   525.8   524.3   522.5
   519.7   516.1   513.1   511.4   510.8   511.1   511.1   510.9   510.4   509.9
   509.3   508.4   507.3   506.5   506.3   506.2   505.4   503.7   503.3   505.5
   508.1   509.3   509.2   508.7   508.7   509.1   509.2   508.9   508.7   508.9
   509.3   510.1   511.2   511.9   512.1   512.5   513.5   515.1   517.1   518.7
   520.1   521.7   523.5   525.1   525.9
   520.7   520.6   521.0   521.8   522.8   524.3   526.6   528.8   530.1   530.7
   531.0   530.9   531.2   532.4   533.7   533.8   532.9   531.3   529.9   528.5
   526.0   522.7   520.0   518.4   516.6   514.5   512.8   512.1   511.3   510.2
   509.5   508.5   506.9   505.6   504.5   503.5   502.5   501.1   501.4   504.0
   507.0   508.5   508.9   508.9   509.2   509.7   509.8   509.6   509.2   509.2
   510.1   511.9   513.9   514.9   515.3   515.6   516.5   518.0   519.8   521.4
   523.2   524.9   526.6   527.9   528.5
   521.4   520.8   520.6   520.8   522.1   524.9   528.9   532.5   534.6   535.4
   535.6   535.5   535.9   537.0   538.2   538.8   538.4   537.6   536.8   535.8
   533.6   531.3   529.5   527.8   525.8   523.2   520.3   517.6   514.3   511.6
   510.1   508.8   506.8   505.2   503.5   501.8   500.7   500.6   501.6   503.8
   506.2   507.6   507.8   507.9   508.7   509.7   510.2   510.1   509.9   510.2
   511.3   513.2   515.1   516.4   517.4   518.5   519.9   521.3   522.8   524.5
   526.4   528.2   529.6   530.5   530.9
   522.8   522.4   521.9   521.7   523.4   526.8   531.3   535.5   538.3   540.1
   540.9   540.7   541.0   541.9   543.1   543.8   543.6   543.3   543.2   542.4
   540.7   539.7   539.4   538.3   536.2   533.3   530.2   526.4   521.4   516.5
   513.2   510.9   509.0   508.5   507.1   505.1   503.9   503.7   504.6   506.5
   508.8   509.7   509.1   508.2   508.4   509.3   510.0   510.2   510.2   510.8
   512.1   513.9   515.7   517.0   518.4   520.3   522.3   523.7   525.0   526.8
   529.1   531.3   532.8   533.4   533.5
   525.8   525.8   525.8   526.2   528.3   531.3   534.3   537.7   541.2   544.1
   545.8   546.5   547.4   548.2   548.7   548.9   548.7   548.6   548.9   548.5
   547.7   547.4   547.5   546.8   545.2   542.8   540.2   536.8   531.8   526.3
   521.1   516.5   513.5   513.0   511.8   510.0   509.2   509.4   510.1   511.0
   512.0   512.4   512.0   510.8   510.1   510.4   510.9   510.4   509.9   510.5
   512.0   514.1   516.3   518.0   520.0   522.7   525.2   526.4   527.2   528.9
   531.8   534.7   536.3   536.6   536.2
   529.7   530.3   531.2   532.4   534.4   535.9   536.7   539.0   542.8   546.7
   549.4   551.0   552.3   553.3   553.8   554.0   554.2   554.7   555.4   555.2
   554.5   554.5   554.7   554.0   552.3   550.3   548.0   545.1   540.9   536.0
   530.9   525.9   521.8   519.4   517.2   515.6   515.0   514.7   514.8   515.4
   516.5   517.2   517.4   516.1   514.4   514.0   514.3   513.1   511.8   511.8
   512.9   514.9   517.4   519.9   522.6   526.0   529.0   530.2   530.3   531.3
   534.2   537.4   538.9   538.9   538.3
   534.1   535.2   536.3   537.1   538.5   539.8   540.5   542.7   546.5   550.3
   552.9   554.6   556.6   558.0   558.5   558.6   559.1   559.9   560.5   560.2
   559.8   559.8   560.4   560.2   558.7   556.5   554.3   551.5   548.0   544.3
   540.1   535.4   531.5   529.1   526.3   523.4   520.9   519.4   518.7   519.0
   520.3   521.2   521.3   520.7   520.0   519.9   519.6   517.6   515.4   514.5
   514.6   515.7   518.4   521.9   525.2   528.4   531.8   533.8   534.1   534.5
   536.4   538.9   539.9   539.8   539.4
   538.2   539.6   540.6   540.8   542.2   545.3   548.3   551.6   554.7   556.4
   556.9   558.0   560.2   561.7   562.1   562.1   562.5   562.8   562.9   563.0
   563.4   563.5   563.3   562.9   561.8   560.5   559.0   557.0   554.3   551.6
   548.0   543.3   539.1   536.4   534.3   531.1   527.1   524.1   522.7   522.5
   523.3   524.6   525.0   524.9   524.7   524.7   524.1   522.2   519.9   518.2
   517.1   517.6   520.5   525.5   529.5   532.7   535.7   537.3   537.1   536.5
   537.0   538.4   539.4   539.7   539.7
   543.0   544.4   546.6   547.9   549.9   552.8   555.9   558.6   560.8   561.3
   561.2   561.6   562.4   563.1   563.5   564.0   564.4   564.3   564.2   564.4
   565.0   565.2   564.8   564.7   564.6   564.0   563.3   562.0   560.3   558.7
   556.1   552.7   549.1   546.0   543.2   540.1   535.6   531.6   529.1   527.8
   528.1   529.6   530.7   530.4   529.9   529.5   528.7   526.9   524.6   522.5
   520.7   520.5   523.4   529.3   533.6   535.9   537.9   539.0   538.6   537.7
   537.4   538.0   539.0   539.7   540.1
   549.8   552.0   554.4   555.7   557.1   559.0   560.8   562.2   563.3   563.8
   564.0   564.5   564.9   565.1   565.4   565.6   565.4   564.6   563.9   563.9
   564.7   565.4   565.5   566.2   567.0   567.1   566.4   565.0   563.8   563.0
   561.2   559.2   557.6   555.8   553.6   551.0   547.6   543.5   539.4   535.9
   534.2   535.3   536.6   536.7   536.2   535.5   534.0   531.9   530.0   528.2
   526.1   525.2   528.0   534.0   538.1   539.9   541.1   541.3   540.7   539.9
   539.3   539.4   540.1   540.9   541.6
   556.2   557.9   559.7   561.2   562.2   562.3   562.0   561.5   561.6   562.2
   563.3   565.0   566.8   568.1   568.6   568.2   566.5   564.2   562.7   562.7
   563.8   565.1   566.2   567.4   568.6   568.9   568.2   566.8   565.8   565.3
   564.5   563.6   562.7   561.3   559.1   556.9   554.2   550.6   546.9   543.9
   542.1   542.0   542.4   542.1   541.2   540.0   538.5   536.7   535.1   533.8
   532.8   533.2   536.4   540.9   543.6   545.1   545.9   545.4   544.4   543.6
   543.1   543.1   543.7   544.6   545.4
   561.5   562.5   563.8   564.9   564.7   563.2   562.0   561.6   562.4   563.9
   566.0   568.2   570.0   570.9   570.8   569.8   567.7   564.8   562.7   562.3
   563.5   565.3   566.9   568.2   569.1   569.6   569.4   568.6   568.0   567.9
   567.8   567.3   566.3   565.0   563.4   561.6   559.3   556.1   553.0   550.8
   548.9   547.8   547.0   546.2   545.2   543.7   542.2   540.8   539.9   539.5
   540.0   541.5   544.2   546.4   547.8   549.0   549.8   549.2   548.4   548.0
   548.3   549.1   550.3   551.2   551.7
   565.9   566.7   567.6   567.9   566.8   565.6   565.7   567.2   568.9   570.4
   571.6   572.7   573.3   573.1   572.5   571.7   570.4   568.2   565.6   564.2
   564.5   565.9   567.2   568.1   568.7   569.5   570.2   570.3   570.3   570.3
   570.1   569.6   568.8   567.6   566.2   564.6   563.1   561.0   558.5   556.3
   554.5   553.1   551.7   550.2   548.9   547.1   545.1   544.1   544.0   544.5
   545.2   546.3   548.2   550.5   552.7   553.8   553.8   553.2   552.8   553.4
   555.6   558.2   559.8   560.2   559.8
   570.0   570.8   571.8   571.9   571.4   571.2   573.8   577.2   578.2   577.7
   576.4   575.7   575.4   574.9   574.1   573.2   573.1   572.2   569.4   566.9
   566.2   566.8   568.0   568.8   569.8   570.9   571.8   572.0   572.2   572.0
   571.7   571.4   571.1   570.4   569.1   567.6   566.5   565.1   563.2   561.2
   559.5   558.0   556.4   554.7   553.3   551.0   548.3   547.3   548.1   549.8
   551.3   552.4   553.8   555.9   558.9   560.8   560.8   559.8   559.5   561.4
   565.4   569.2   570.2   569.4   568.2
   573.5   574.5   575.3   575.7   576.1   577.4   578.9   579.1   578.8   578.4
   577.6   576.7   576.4   576.0   575.4   574.8   574.3   573.7   572.7   571.9
   571.9   571.1   570.7   570.5   571.1   572.3   573.5   574.5   574.2   573.5
   572.9   573.0   573.3   573.2   572.6   571.5   570.3   568.9   567.4   565.8
   564.3   562.4   560.7   559.6   558.7   556.9   554.0   552.2   553.3   555.7
   557.4   558.4   559.5   561.6   564.4   566.4   566.7   566.2   567.0   570.5
   575.5   579.0   578.9   577.0   575.3
   576.2   576.7   577.3   577.7   578.3   579.0   580.0   579.9   579.5   579.0
   578.4   578.3   578.1   577.1   576.0   575.4   574.8   575.1   576.6   578.1
   578.4   577.4   576.7   576.1   575.1   575.5   577.4   577.9   577.7   577.4
   576.3   575.4   575.5   575.5   575.1   574.2   573.0   571.9   570.7   569.4
   568.0   566.3   564.7   563.8   563.2   562.2   560.3   558.8   559.6   561.2
   561.9   562.4   563.6   566.0   568.8   570.8   572.0   573.0   574.9   578.5
   582.5   584.6   583.9   582.0   580.5
   577.9   578.3   578.7   579.0   579.5   580.2   580.8   580.6   580.5   580.3
   579.6   579.6   579.7   579.3   578.2   577.2   577.3   578.2   579.5   579.9
   579.6   578.9   578.7   578.8   579.0   579.3   579.5   579.6   579.7   580.2
   579.4   577.4   576.9   577.2   576.7   575.3   574.0   573.5   573.1   572.4
   571.4   570.3   569.1   568.0   567.2   566.5   565.5   564.5   564.6   565.2
   565.6   566.0   567.3   570.1   573.4   576.1   578.0   579.1   580.6   583.1
   585.5   586.6   586.1   584.9   583.9
   578.5   579.0   579.3   579.4   579.8   580.9   581.6   581.6   581.6   581.6
   580.9   580.7   580.0   579.4   578.5   578.3   579.8   580.6   580.5   580.0
   580.1   580.3   580.5   580.7   581.0   581.0   580.9   580.6   580.2   580.7
   580.1   577.6   576.9   578.1   578.4   577.4   576.2   575.4   575.2   575.0
   574.4   573.8   573.1   572.2   571.3   570.4   569.3   568.3   567.9   568.7
   570.1   571.3   572.7   575.3   578.2   580.0   580.9   581.6   583.0   585.0
   586.6   587.3   587.1   586.5   585.9
   578.1   578.4   578.6   578.8   579.4   580.7   582.0   582.3   582.5   582.4
   581.6   581.1   580.6   580.1   579.4   579.2   579.4   580.6   580.1   579.4
   579.5   580.1   581.2   581.9   582.0   581.5   581.0   579.5   579.4   579.8
   579.4   577.4   577.5   579.2   580.0   579.5   578.7   578.1   577.7   577.5
   577.1   576.7   576.4   575.9   575.0   573.6   572.4   571.5   571.3   572.3
   573.9   575.3   576.8   578.8   580.7   581.7   582.1   582.9   584.3   586.1
   587.3   587.7   587.7   587.4   587.1
   577.4   577.4   577.6   578.1   579.2   580.5   581.3   581.9   582.5   582.9
   582.6   582.4   582.2   581.8   581.1   580.5   580.6   581.0   580.3   579.6
   579.8   579.9   580.0   580.2   580.6   581.2   582.1   579.8   580.0   581.0
   581.5   580.6   580.8   581.7   581.9   581.2   580.4   580.1   580.0   580.3
   580.3   579.9   579.7   579.1   577.5   575.7   574.2   573.4   573.9   575.3
   576.4   577.3   578.5   580.2   581.7   582.5   583.0   583.9   585.4   587.0
   587.8   588.0   588.0   587.8   587.7
   577.1   577.1   577.3   578.0   579.2   580.6   581.2   581.5   582.1   583.4
   583.7   583.6   583.6   583.4   582.7   582.1   581.9   581.9   581.6   581.3
   582.3   582.0   580.6   579.9   580.8   582.3   583.7   582.3   581.1   581.8
   583.1   583.4   583.7   584.1   583.9   583.1   582.2   582.0   582.2   582.7
   582.9   582.7   582.4   581.4   579.4   577.6   576.2   575.2   575.5   576.7
   577.5   577.9   578.8   580.2   581.4   582.3   582.9   583.9   585.5   587.1
   587.9   588.2   588.2   588.1   587.9
   577.0   577.0   577.3   578.0   579.3   580.8   581.4   581.6   581.8   582.4
   583.2   583.9   584.4   584.5   584.1   583.5   582.8   583.3   584.2   585.0
   585.6   585.2   583.5   582.3   582.4   586.0   585.4   583.4   582.5   582.7
   583.9   584.9   585.6   585.7   585.3   584.5   583.8   583.8   584.1   584.3
   584.5   584.5   584.3   583.7   583.0   582.4   580.9   578.8   577.4   577.1
   577.1   577.5   578.7   580.2   581.3   582.0   582.6   583.7   585.5   587.1
   587.9   588.1   588.2   588.1   588.0
   577.0   577.1   577.3   578.1   579.4   581.0   581.6   581.7   581.9   582.0
   582.2   582.5   583.5   584.1   583.9   582.9   583.2   584.4   585.9   586.8
   586.5   585.7   585.0   584.5   584.3   585.6   586.9   585.4   584.2   583.7
   584.4   585.6   586.3   586.3   585.8   585.1   584.9   585.2   585.4   585.4
   585.5   585.7   585.5   585.1   584.9   585.1   584.6   583.0   580.9   579.3
   578.7   579.4   581.1   582.7   583.4   583.4   583.5   584.4   585.8   587.1
   587.8   588.0   588.1   588.1   588.0
   577.0   577.1   577.3   578.1   579.4   580.7   581.5   581.8   581.9   582.0
   582.0   582.1   582.4   582.6   582.7   582.7   583.2   583.7   584.1   584.1
   583.8   583.5   583.7   584.0   583.8   584.5   585.9   586.1   585.5   585.0
   585.3   586.1   586.7   586.6   586.2   585.8   585.7   585.7   585.8   585.8
   586.0   586.0   586.0   586.0   586.3   586.6   586.5   585.7   584.2   582.8
   582.5   583.5   584.9   585.9   586.2   585.9   585.6   585.8   586.6   587.4
   587.9   588.1   588.1   588.1   588.0
   577.0   577.1   577.3   578.1   579.4   580.7   581.5   581.8   581.9   582.0
   582.0   582.0   582.0   582.1   582.3   582.6   582.9   583.1   583.0   582.5
   582.1   582.0   582.4   582.8   582.6   583.1   584.6   585.5   585.7   585.6
   585.7   586.1   586.5   586.6   586.5   586.4   586.4   586.1   585.9   585.8
   586.0   586.1   586.1   586.4   586.8   587.2   587.4   587.2   586.6   586.1
   586.1   586.7   587.4   587.8   587.9   587.6   587.1   586.9   587.1   587.7
   588.2   588.4   588.3   588.2   588.0
   577.0   577.1   577.4   578.2   579.4   580.7   581.5   581.8   581.9   582.0
   582.0   582.0   582.0   582.1   582.3   582.6   582.9   583.0   582.7   582.3
   581.9   581.9   582.2   582.7   582.7   583.1   584.3   585.1   585.6   585.6
   585.7   586.0   586.3   586.4   586.4   586.4   586.4   586.3   586.1   586.1
   586.2   586.2   586.3   586.5   587.0   587.4   587.7   587.6   587.3   587.0
   587.0   587.3   587.6   587.9   587.9   587.8   587.3   587.1   587.4   588.0
   588.6   588.9   588.7   588.3   588.1
